178912
443727
446040
101118
125868
13042
148006
182237
31637
37216
39878
57642
65107
66413
8683
89932
211625
342681
356712
394233
421938
105573
161781
162399
16313
16930
169542
171075
177542
197282
21769
21801
23328
24579
261837
287834
33297
43197
506865
57467
72169
88923
89643
99416
81249
183206
300992
304057
343039
372030
412786
10154
108473
112613
112670
12695
13015
13364
150652
15678
164650
1695
172569
18306
187000
21792
218086
21823
22005
254677
265714
275614
30837
34190
3536
35525
385192
3881
40707
43555
463236
500794
50086
52964
5623
64951
70627
73199
7392
7404
74885
77125
77449
7859
83245
8634
8679
9057