47524
48172
48233
48234
48248
48249
48648
49110
49129
49144
49159
50054
50108
50183
50222
50230
50293
50554
50582
50629
50648
51240
51445
51467
51532
51545
51712
51741
52055
52213
52321
52356
52443
52607
52777
52850
52998
53063
53180
53230
53337
53342
53498
53623
53624
53828
53843
54123
54262
54387
54391
54984
55309
55317
55521
55576
55582
55639
55684
55811
55851
56463
56518
56746
57323
57340
58179
58522
39769
41059
43150
44268
45419
46985
46998
47158
47343
47478
47774
48097
48790
48837
48895
49730
49985
49987
50105
50459
50547
50556
50642
51212
51688
51905
53481
54045
55342
56025
56082
56438
56653
56724
56905
56907
57977
58535
58836
59138
60043
48139
49567
50306
55267
49030
52208
54068
54068
55524
56857
57420
57779
57959
44986
45453
48843
49905
50138
50273
57943